0 0.1390625 0.57734375 0.1484375 0.1796875
0 0.321875 0.51171875 0.1546875 0.1640625
0 0.60625 0.45078125 0.1140625 0.1078125
0 0.59765625 0.53515625 0.121875 0.1171875
0 0.553125 0.61875 0.146875 0.1109375
0 0.603125 0.76328125 0.134375 0.146875
0 0.71015625 0.684375 0.1375 0.16875
0 0.740625 0.5203125 0.13125 0.190625
0 0.26015625 0.26171875 0.1234375 0.175
0 0.203125 0.42421875 0.1171875 0.1515625
0 0.30234375 0.7875 0.1078125 0.175
0 0.17734375 0.86171875 0.1046875 0.1015625
0 0.14453125 0.76171875 0.121875 0.1
0 0.15 0.69140625 0.1171875 0.0625
0 0.50546875 0.8671875 0.1109375 0.096875
0 0.640625 0.91328125 0.1171875 0.090625
0 0.6234375 0.96953125 0.1203125 0.0609375
0 0.49609375 0.93515625 0.121875 0.0765625