0 0.14921875 0.61484375 0.1671875 0.19375
0 0.32421875 0.53046875 0.1703125 0.1796875
0 0.60078125 0.43984375 0.125 0.11875
0 0.60078125 0.525 0.1328125 0.1296875
0 0.565625 0.6125 0.1578125 0.125
0 0.63046875 0.75078125 0.1484375 0.159375
0 0.728125 0.66171875 0.1546875 0.1828125
0 0.74140625 0.4953125 0.15 0.203125
0 0.23671875 0.28828125 0.140625 0.1875
0 0.196875 0.45546875 0.1328125 0.1625
0 0.33359375 0.80625 0.125 0.1859375
0 0.2171875 0.89375 0.1140625 0.1125
0 0.17421875 0.79765625 0.13125 0.1125
0 0.171875 0.7265625 0.1234375 0.075
0 0.54375 0.86484375 0.1203125 0.1078125
0 0.6828125 0.89609375 0.1265625 0.103125
0 0.671875 0.95390625 0.1265625 0.0734375
0 0.54140625 0.9328125 0.1296875 0.0890625