0 0.83671875 0.65078125 0.18125 0.20625
0 0.671875 0.5484375 0.1859375 0.1921875
0 0.40625 0.4296875 0.134375 0.128125
0 0.396875 0.5140625 0.14375 0.140625
0 0.4234375 0.60546875 0.1671875 0.1390625
0 0.34453125 0.7359375 0.1625 0.171875
0 0.25625 0.63671875 0.16875 0.19375
0 0.26015625 0.46953125 0.1671875 0.2125
0 0.784375 0.31640625 0.1578125 0.196875
0 0.80625 0.4875 0.1453125 0.171875
0 0.63359375 0.82265625 0.1421875 0.19375
0 0.740625 0.92109375 0.1234375 0.1203125
0 0.79296875 0.8296875 0.1390625 0.121875
0 0.80234375 0.76015625 0.128125 0.0859375
0 0.41796875 0.8578125 0.128125 0.1171875
0 0.2765625 0.875 0.1328125 0.1125
0 0.28125 0.93359375 0.1296875 0.084375
0 0.41328125 0.9265625 0.134375 0.1