0 0.671875 0.471875 0.1671875 0.196875
0 0.86875 0.50703125 0.1625 0.1984375
0 0.4328125 0.77890625 0.18125 0.203125
0 0.46640625 0.63515625 0.153125 0.1734375
0 0.4078125 0.546875 0.140625 0.1359375
0 0.38125 0.4734375 0.1484375 0.1359375
0 0.27421875 0.5734375 0.1453125 0.19375
0 0.315625 0.7078125 0.1546875 0.1359375
0 0.7078125 0.23203125 0.1546875 0.1984375
0 0.77265625 0.37109375 0.1453125 0.1859375
0 0.53359375 0.54140625 0.1109375 0.153125
0 0.88046875 0.6328125 0.146875 0.10625
0 0.8921875 0.7078125 0.146875 0.115625
0 0.88515625 0.81953125 0.11875 0.0921875
0 0.759375 0.784375 0.1390625 0.121875
0 0.76640625 0.8640625 0.1328125 0.090625
0 0.5578125 0.8671875 0.13125 0.1109375
0 0.4328125 0.9234375 0.1296875 0.1015625
0 0.45703125 0.97109375 0.1390625 0.0578125
0 0.5859375 0.9265625 0.134375 0.1