0 0.32734375 0.478125 0.1609375 0.1921875
0 0.13203125 0.5203125 0.1578125 0.1953125
0 0.57734375 0.7765625 0.1765625 0.2
0 0.53828125 0.63359375 0.1484375 0.1703125
0 0.59375 0.54375 0.1359375 0.134375
0 0.61796875 0.46953125 0.14375 0.1328125
0 0.728125 0.56484375 0.140625 0.190625
0 0.6921875 0.7015625 0.153125 0.1328125
0 0.2828125 0.2390625 0.1484375 0.1953125
0 0.2234375 0.38046875 0.1390625 0.184375
0 0.46796875 0.54296875 0.10625 0.15
0 0.12421875 0.64609375 0.1453125 0.1015625
0 0.115625 0.72109375 0.14375 0.1109375
0 0.12578125 0.83203125 0.1171875 0.0890625
0 0.25078125 0.79296875 0.1359375 0.1171875
0 0.24609375 0.87265625 0.1296875 0.0859375
0 0.45546875 0.86953125 0.128125 0.10625
0 0.58203125 0.92109375 0.128125 0.0984375
0 0.559375 0.971875 0.1375 0.05625
0 0.4296875 0.9296875 0.13125 0.0953125