0 0.3296875 0.46328125 0.1734375 0.2015625
0 0.13125 0.48828125 0.1703125 0.203125
0 0.55234375 0.78203125 0.1890625 0.209375
0 0.52578125 0.63671875 0.159375 0.178125
0 0.58984375 0.55234375 0.14375 0.1421875
0 0.6203125 0.4796875 0.153125 0.1421875
0 0.721875 0.58515625 0.153125 0.1984375
0 0.6734375 0.7171875 0.1609375 0.1421875
0 0.30625 0.22109375 0.1609375 0.203125
0 0.234375 0.35703125 0.1515625 0.1921875
0 0.4640625 0.53984375 0.1171875 0.15625
0 0.11328125 0.6125 0.15 0.1125
0 0.09765625 0.68671875 0.15 0.1203125
0 0.0984375 0.7984375 0.121875 0.096875
0 0.22578125 0.7703125 0.1421875 0.1265625
0 0.21484375 0.84921875 0.134375 0.0953125
0 0.4234375 0.8640625 0.134375 0.115625
0 0.5453125 0.9265625 0.1328125 0.1078125
0 0.5171875 0.9703125 0.140625 0.059375
0 0.3921875 0.921875 0.1359375 0.1046875