0 0.24453125 0.2578125 0.1109375 0.15234375
0 0.61015625 0.4484375 0.11484375 0.103125
0 0.71875 0.56796875 0.1265625 0.09765625
0 0.7 0.665625 0.11484375 0.10625
0 0.61328125 0.76953125 0.14453125 0.15390625
0 0.5578125 0.62734375 0.13125 0.1359375
0 0.59609375 0.534375 0.11328125 0.1015625
0 0.32734375 0.51328125 0.1640625 0.1671875
0 0.21171875 0.42265625 0.09765625 0.1546875
0 0.134375 0.58046875 0.12421875 0.1671875
0 0.29609375 0.80234375 0.13125 0.1484375
0 0.15 0.76796875 0.12421875 0.09375
0 0.1484375 0.69765625 0.1265625 0.06640625
0 0.5125 0.87578125 0.10859375 0.08828125
0 0.64921875 0.90859375 0.11953125 0.09375
0 0.49375 0.93515625 0.10859375 0.07578125
0 0.62109375 0.96953125 0.10625 0.05546875