0 0.71953125 0.225 0.13125 0.1671875
0 0.38359375 0.4640625 0.1265625 0.11875
0 0.29296875 0.59765625 0.1390625 0.115625
0 0.325 0.6921875 0.128125 0.1203125
0 0.425 0.7828125 0.165625 0.1734375
0 0.46015625 0.634375 0.1484375 0.153125
0 0.409375 0.54765625 0.1265625 0.1171875
0 0.67265625 0.4890625 0.1859375 0.1890625
0 0.775 0.38359375 0.11875 0.1671875
0 0.8734375 0.52890625 0.146875 0.1828125
0 0.74375 0.77109375 0.15 0.165625
0 0.88359375 0.71640625 0.1375 0.1109375
0 0.87578125 0.646875 0.134375 0.084375
0 0.53984375 0.87421875 0.1203125 0.103125
0 0.409375 0.925 0.1328125 0.109375
0 0.56640625 0.9296875 0.11875 0.090625
0 0.4453125 0.9734375 0.1125 0.053125