0 0.7828125 0.290625 0.128125 0.165625
0 0.396875 0.43515625 0.125 0.115625
0 0.27421875 0.540625 0.1375 0.1125
0 0.28125 0.63984375 0.1265625 0.11875
0 0.3546875 0.75390625 0.1625 0.171875
0 0.42734375 0.61953125 0.146875 0.1515625
0 0.40078125 0.52265625 0.125 0.1140625
0 0.66953125 0.534375 0.1828125 0.1859375
0 0.7953125 0.45859375 0.1171875 0.165625
0 0.853125 0.62421875 0.14375 0.18125
0 0.665625 0.825 0.1484375 0.1640625
0 0.81484375 0.80859375 0.1359375 0.1078125
0 0.825 0.7390625 0.134375 0.0828125
0 0.4421875 0.87109375 0.11875 0.1015625
0 0.30234375 0.8875 0.13125 0.1078125
0 0.453125 0.9328125 0.1171875 0.0890625
0 0.32265625 0.9515625 0.1125 0.06875