0 0.42734375 0.78671875 0.1609375 0.1921875
0 0.31875 0.690625 0.134375 0.1171875
0 0.38828125 0.46328125 0.11875 0.115625
0 0.4 0.5453125 0.1171875 0.1
0 0.465625 0.63828125 0.1390625 0.13125
0 0.6703125 0.478125 0.15625 0.19375
0 0.71640625 0.23046875 0.1171875 0.15625
0 0.7890625 0.39453125 0.109375 0.1546875
0 0.86953125 0.53125 0.171875 0.1875
0 0.86484375 0.6578125 0.13125 0.0890625
0 0.884375 0.72734375 0.1328125 0.0921875
0 0.74453125 0.81796875 0.1375 0.103125
0 0.8640625 0.83671875 0.1109375 0.0640625
0 0.56171875 0.92578125 0.1203125 0.09375
0 0.53984375 0.8671875 0.121875 0.09375
0 0.4140625 0.921875 0.1125 0.09375
0 0.4359375 0.97421875 0.128125 0.0515625