0 0.42265625 0.78515625 0.1578125 0.190625
0 0.315625 0.6875 0.1328125 0.115625
0 0.3890625 0.46171875 0.1171875 0.1140625
0 0.39921875 0.54375 0.115625 0.0984375
0 0.46328125 0.6375 0.1359375 0.1296875
0 0.67109375 0.48125 0.153125 0.190625
0 0.72109375 0.234375 0.1140625 0.1546875
0 0.79140625 0.39921875 0.10625 0.153125
0 0.86953125 0.5375 0.16875 0.1859375
0 0.86171875 0.6640625 0.13125 0.0875
0 0.88046875 0.734375 0.13125 0.090625
0 0.7390625 0.821875 0.1359375 0.1
0 0.8578125 0.84296875 0.109375 0.0625
0 0.5546875 0.92734375 0.11875 0.0921875
0 0.5328125 0.86796875 0.1203125 0.0921875
0 0.40703125 0.9203125 0.1109375 0.0921875
0 0.42734375 0.9734375 0.1265625 0.053125