0 0.5875 0.7828125 0.153125 0.1859375
0 0.690625 0.68125 0.1296875 0.1109375
0 0.609375 0.4578125 0.1140625 0.1109375
0 0.60234375 0.53984375 0.1140625 0.09375
0 0.54140625 0.6359375 0.1328125 0.125
0 0.32890625 0.4875 0.146875 0.1875
0 0.26953125 0.2421875 0.109375 0.1515625
0 0.20546875 0.409375 0.103125 0.15
0 0.13203125 0.55 0.1625 0.1796875
0 0.14375 0.6765625 0.128125 0.084375
0 0.128125 0.74765625 0.128125 0.0859375
0 0.27265625 0.83046875 0.1328125 0.0953125
0 0.15390625 0.85546875 0.1078125 0.059375
0 0.4609375 0.92890625 0.115625 0.0890625
0 0.4796875 0.86875 0.1171875 0.0890625
0 0.6078125 0.9171875 0.1078125 0.0875
0 0.5875 0.9734375 0.125 0.053125