0 0.36015625 0.7609375 0.1609375 0.1921875
0 0.278125 0.64140625 0.134375 0.1171875
0 0.40078125 0.4375 0.11875 0.115625
0 0.3921875 0.51953125 0.1171875 0.1
0 0.43359375 0.62578125 0.1390625 0.13125
0 0.6703125 0.5203125 0.15625 0.19375
0 0.775 0.290625 0.1171875 0.15625
0 0.80625 0.4671875 0.109375 0.1546875
0 0.8515625 0.61953125 0.171875 0.1875
0 0.815625 0.74140625 0.13125 0.0890625
0 0.81796875 0.8140625 0.1328125 0.0921875
0 0.66015625 0.86796875 0.1375 0.103125
0 0.771875 0.91484375 0.1109375 0.0640625
0 0.45703125 0.928125 0.1203125 0.09375
0 0.44921875 0.86640625 0.121875 0.09375
0 0.31484375 0.8890625 0.1125 0.09375
0 0.321875 0.953125 0.128125 0.0703125