0 0.64921875 0.75546875 0.1671875 0.196875
0 0.7265625 0.63359375 0.1375 0.121875
0 0.596875 0.434375 0.1203125 0.11875
0 0.60859375 0.51640625 0.1203125 0.103125
0 0.57109375 0.6234375 0.1421875 0.1359375
0 0.33046875 0.52578125 0.1625 0.196875
0 0.21796875 0.3 0.121875 0.159375
0 0.19296875 0.478125 0.1140625 0.15625
0 0.153125 0.63203125 0.1765625 0.1921875
0 0.19296875 0.75234375 0.134375 0.09375
0 0.19296875 0.825 0.134375 0.096875
0 0.35234375 0.87265625 0.140625 0.10625
0 0.24296875 0.92421875 0.1109375 0.0671875
0 0.5578125 0.9265625 0.121875 0.096875
0 0.56328125 0.8640625 0.1234375 0.0984375
0 0.69921875 0.88203125 0.1140625 0.096875
0 0.69453125 0.946875 0.1296875 0.075