0 0.61640625 0.771875 0.146875 0.18125
0 0.70859375 0.66015625 0.1265625 0.1078125
0 0.6046875 0.44609375 0.109375 0.10625
0 0.60546875 0.52890625 0.1109375 0.090625
0 0.55546875 0.63125 0.1296875 0.121875
0 0.328125 0.50546875 0.1421875 0.1828125
0 0.24375 0.2671875 0.1046875 0.1484375
0 0.19765625 0.440625 0.096875 0.146875
0 0.13984375 0.58828125 0.1578125 0.175
0 0.1640625 0.7125 0.1265625 0.0796875
0 0.15546875 0.78515625 0.1265625 0.0828125
0 0.30859375 0.85234375 0.13125 0.0921875
0 0.19296875 0.88984375 0.10625 0.0546875
0 0.50546875 0.93046875 0.1140625 0.084375
0 0.51875 0.86875 0.115625 0.084375
0 0.65078125 0.90390625 0.10625 0.084375
0 0.63828125 0.9671875 0.1234375 0.0609375