0 0.43203125 0.78828125 0.1640625 0.19375
0 0.321875 0.69375 0.1359375 0.11875
0 0.3875 0.465625 0.1203125 0.1171875
0 0.40078125 0.546875 0.11875 0.1015625
0 0.46796875 0.63828125 0.1390625 0.1328125
0 0.6703125 0.475 0.159375 0.1953125
0 0.71171875 0.2265625 0.11875 0.1578125
0 0.7875 0.3890625 0.1125 0.1546875
0 0.8703125 0.52421875 0.1734375 0.1890625
0 0.8671875 0.65078125 0.1328125 0.0921875
0 0.88828125 0.72109375 0.1328125 0.09375
0 0.75 0.81328125 0.1375 0.103125
0 0.8703125 0.83046875 0.1109375 0.065625
0 0.56953125 0.925 0.121875 0.0953125
0 0.54609375 0.86640625 0.121875 0.0953125
0 0.42109375 0.9234375 0.1140625 0.09375
0 0.4453125 0.97421875 0.128125 0.0515625