0 0.55234375 0.79140625 0.171875 0.2
0 0.6671875 0.703125 0.140625 0.125
0 0.6140625 0.47109375 0.125 0.121875
0 0.596875 0.55234375 0.121875 0.10625
0 0.52421875 0.63984375 0.14375 0.1390625
0 0.33125 0.46640625 0.1671875 0.2
0 0.303125 0.215625 0.1265625 0.1625
0 0.21875 0.37421875 0.11875 0.159375
0 0.12890625 0.5046875 0.1796875 0.1953125
0 0.125 0.63203125 0.1359375 0.0984375
0 0.10078125 0.7 0.1359375 0.1
0 0.23359375 0.8 0.1421875 0.109375
0 0.11328125 0.8109375 0.1125 0.0703125
0 0.40859375 0.92109375 0.125 0.1015625
0 0.43515625 0.8640625 0.125 0.1015625
0 0.55625 0.92734375 0.1171875 0.0984375
0 0.52890625 0.9734375 0.1296875 0.053125