0 0.62578125 0.76796875 0.153125 0.1859375
0 0.7140625 0.65234375 0.1296875 0.1109375
0 0.60234375 0.44296875 0.1125 0.1109375
0 0.60703125 0.52578125 0.1140625 0.0953125
0 0.56015625 0.62890625 0.1328125 0.125
0 0.328125 0.5109375 0.1484375 0.1875
0 0.2359375 0.2765625 0.109375 0.1515625
0 0.19609375 0.4515625 0.1015625 0.15
0 0.14296875 0.60078125 0.1625 0.18125
0 0.171875 0.72421875 0.128125 0.0828125
0 0.165625 0.796875 0.128125 0.0859375
0 0.3203125 0.85859375 0.134375 0.096875
0 0.20703125 0.9 0.1078125 0.059375
0 0.5203125 0.9296875 0.115625 0.0890625
0 0.53125 0.86796875 0.1171875 0.0890625
0 0.66484375 0.8984375 0.1078125 0.0875
0 0.6546875 0.9625 0.125 0.0640625