0 0.62109375 0.76953125 0.15 0.184375
0 0.71171875 0.65625 0.128125 0.109375
0 0.603125 0.44453125 0.1109375 0.1078125
0 0.60625 0.52734375 0.1125 0.09375
0 0.5578125 0.6296875 0.13125 0.1234375
0 0.328125 0.50859375 0.1453125 0.184375
0 0.23984375 0.271875 0.1078125 0.15
0 0.196875 0.44609375 0.1 0.1484375
0 0.14140625 0.59453125 0.1609375 0.178125
0 0.16796875 0.71875 0.1265625 0.08125
0 0.1609375 0.790625 0.128125 0.084375
0 0.3140625 0.85546875 0.1328125 0.09375
0 0.2 0.8953125 0.1078125 0.05625
0 0.51328125 0.93046875 0.115625 0.0875
0 0.525 0.86875 0.1171875 0.0875
0 0.6578125 0.90078125 0.1078125 0.0859375
0 0.64609375 0.96484375 0.125 0.0625