0 0.66171875 0.74765625 0.175 0.2015625
0 0.73359375 0.62109375 0.1421875 0.1265625
0 0.59375 0.42890625 0.1265625 0.1234375
0 0.609375 0.51015625 0.1234375 0.1078125
0 0.57734375 0.61953125 0.1453125 0.140625
0 0.33203125 0.53515625 0.16875 0.2015625
0 0.2078125 0.315625 0.128125 0.1625
0 0.1921875 0.49453125 0.1203125 0.159375
0 0.16015625 0.65 0.1828125 0.196875
0 0.20625 0.76796875 0.1359375 0.1
0 0.21015625 0.840625 0.1375 0.1015625
0 0.37265625 0.88046875 0.1421875 0.1109375
0 0.265625 0.9375 0.1125 0.071875
0 0.58046875 0.92265625 0.125 0.103125
0 0.58203125 0.86015625 0.1265625 0.103125
0 0.71875 0.87109375 0.1171875 0.1
0 0.7171875 0.9359375 0.1296875 0.0796875