0 0.53203125 0.79375 0.18125 0.20625
0 0.653125 0.7140625 0.1453125 0.13125
0 0.615625 0.47890625 0.1296875 0.1265625
0 0.59296875 0.55859375 0.1265625 0.1109375
0 0.51484375 0.64140625 0.15 0.1453125
0 0.334375 0.4546875 0.1765625 0.2078125
0 0.3234375 0.20234375 0.134375 0.165625
0 0.228125 0.35546875 0.1265625 0.1625
0 0.1296875 0.47890625 0.1890625 0.203125
0 0.11640625 0.60546875 0.1390625 0.1046875
0 0.0875 0.671875 0.1390625 0.10625
0 0.21328125 0.78046875 0.1453125 0.1171875
0 0.0921875 0.7828125 0.1140625 0.0765625
0 0.3796875 0.91328125 0.128125 0.1078125
0 0.409375 0.85859375 0.1296875 0.1078125
0 0.5265625 0.9296875 0.1203125 0.1046875
0 0.4953125 0.97265625 0.13125 0.0546875