0 0.39765625 0.77734375 0.14375 0.1796875
0 0.3 0.67109375 0.125 0.1046875
0 0.39296875 0.4515625 0.1078125 0.1046875
0 0.39609375 0.534375 0.109375 0.0890625
0 0.4515625 0.63359375 0.1265625 0.11875
0 0.671875 0.49609375 0.1390625 0.18125
0 0.74375 0.2546875 0.103125 0.146875
0 0.7984375 0.425 0.0953125 0.1453125
0 0.86484375 0.56953125 0.1546875 0.1734375
0 0.84609375 0.69453125 0.125 0.0765625
0 0.85859375 0.76640625 0.125 0.0796875
0 0.71015625 0.84140625 0.1296875 0.0890625
0 0.8265625 0.8734375 0.10625 0.053125
0 0.5171875 0.93046875 0.1125 0.0828125
0 0.50078125 0.86953125 0.1140625 0.0828125
0 0.3703125 0.9109375 0.1046875 0.0828125
0 0.38671875 0.97265625 0.1234375 0.0546875