0 0.365625 0.72734375 0.190625 0.2140625
0 0.28125 0.63203125 0.175 0.2234375
0 0.12421875 0.71484375 0.134375 0.265625
0 0.0625 0.62421875 0.0828125 0.1015625
0 0.04609375 0.73515625 0.0921875 0.1578125
0 0.4453125 0.59921875 0.1609375 0.1703125
0 0.43984375 0.35859375 0.1328125 0.13125
0 0.61875 0.56796875 0.1140625 0.15625
0 0.5421875 0.6109375 0.103125 0.146875
0 0.43984375 0.84140625 0.1328125 0.125
0 0.30703125 0.8546875 0.1265625 0.109375
0 0.3 0.93046875 0.1359375 0.09375
0 0.20625 0.7796875 0.0875 0.1359375
0 0.40859375 0.4640625 0.178125 0.1703125