0 0.4296875 0.7546875 0.153125 0.1875
0 0.32265625 0.684375 0.1359375 0.1984375
0 0.19296875 0.8046875 0.0796875 0.2578125
0 0.109375 0.73359375 0.0640625 0.0921875
0 0.11875 0.84609375 0.071875 0.146875
0 0.47265625 0.61015625 0.1328125 0.1453125
0 0.4046875 0.37890625 0.1109375 0.109375
0 0.6328125 0.53515625 0.0859375 0.1421875
0 0.56953125 0.59609375 0.075 0.134375
0 0.53046875 0.8453125 0.1140625 0.103125
0 0.40546875 0.8921875 0.1109375 0.0875
0 0.41796875 0.96640625 0.1265625 0.0671875
0 0.2890625 0.84609375 0.0609375 0.1265625
0 0.40234375 0.4890625 0.1515625 0.1421875