0 0.44296875 0.7578125 0.1625 0.19375
0 0.3328125 0.69375 0.146875 0.20625
0 0.209375 0.8203125 0.0921875 0.2609375
0 0.121875 0.75390625 0.06875 0.0953125
0 0.13671875 0.865625 0.078125 0.15
0 0.47890625 0.6109375 0.1390625 0.153125
0 0.3984375 0.384375 0.1171875 0.115625
0 0.634375 0.528125 0.0921875 0.1453125
0 0.575 0.59296875 0.0828125 0.1375
0 0.5484375 0.84375 0.11875 0.109375
0 0.42578125 0.896875 0.115625 0.09375
0 0.44296875 0.9671875 0.1296875 0.065625
0 0.30703125 0.85625 0.0671875 0.128125
0 0.4015625 0.49453125 0.1578125 0.1484375