0 0.37421875 0.73203125 0.184375 0.2109375
0 0.2859375 0.63984375 0.1703125 0.2203125
0 0.13203125 0.72734375 0.125 0.265625
0 0.0671875 0.63984375 0.0796875 0.1015625
0 0.05078125 0.75078125 0.096875 0.15625
0 0.44921875 0.60078125 0.15625 0.1671875
0 0.434375 0.3609375 0.1296875 0.128125
0 0.62109375 0.5640625 0.109375 0.1546875
0 0.54609375 0.609375 0.0984375 0.1453125
0 0.4515625 0.84375 0.1296875 0.121875
0 0.31953125 0.8609375 0.1234375 0.10625
0 0.31484375 0.9375 0.1359375 0.090625
0 0.21640625 0.78984375 0.084375 0.134375
0 0.40703125 0.4671875 0.1734375 0.165625