0 0.41171875 0.74921875 0.159375 0.1921875
0 0.31015625 0.671875 0.1421875 0.203125
0 0.17265625 0.7828125 0.0890625 0.259375
0 0.09453125 0.70546875 0.0671875 0.09375
0 0.0953125 0.81796875 0.0765625 0.1484375
0 0.465625 0.6078125 0.1375 0.15
0 0.41328125 0.37265625 0.115625 0.1140625
0 0.6296875 0.54453125 0.090625 0.1453125
0 0.5625 0.60078125 0.0796875 0.1359375
0 0.50625 0.846875 0.1171875 0.1078125
0 0.378125 0.88515625 0.1140625 0.0921875
0 0.3859375 0.9609375 0.128125 0.0734375
0 0.26484375 0.83046875 0.065625 0.128125
0 0.403125 0.48203125 0.15625 0.146875