0 0.43828125 0.75703125 0.159375 0.190625
0 0.32890625 0.690625 0.1421875 0.203125
0 0.20390625 0.81484375 0.0875 0.259375
0 0.11796875 0.746875 0.0671875 0.09375
0 0.13046875 0.85859375 0.075 0.1484375
0 0.4765625 0.6109375 0.1375 0.15
0 0.40078125 0.38203125 0.115625 0.1125
0 0.63359375 0.53046875 0.090625 0.14375
0 0.57265625 0.59375 0.0796875 0.1359375
0 0.5421875 0.84453125 0.1171875 0.10625
0 0.41875 0.8953125 0.1125 0.0921875
0 0.434375 0.96640625 0.128125 0.0671875
0 0.30078125 0.853125 0.065625 0.128125
0 0.4015625 0.49296875 0.15625 0.1453125