0 0.390625 0.73984375 0.1734375 0.203125
0 0.29609375 0.6546875 0.159375 0.2140625
0 0.14921875 0.753125 0.109375 0.2640625
0 0.078125 0.66953125 0.075 0.0984375
0 0.06875 0.78203125 0.0890625 0.153125
0 0.45625 0.60390625 0.1484375 0.1609375
0 0.425 0.365625 0.1234375 0.121875
0 0.62578125 0.55546875 0.1015625 0.1515625
0 0.55390625 0.60625 0.090625 0.1421875
0 0.47578125 0.84609375 0.125 0.115625
0 0.3453125 0.87265625 0.1203125 0.1
0 0.34609375 0.94921875 0.1328125 0.084375
0 0.2375 0.80859375 0.0765625 0.1328125
0 0.4046875 0.47421875 0.165625 0.1578125