0 0.58828125 0.74921875 0.159375 0.1921875
0 0.68984375 0.671875 0.1421875 0.203125
0 0.82734375 0.7828125 0.0890625 0.259375
0 0.90546875 0.70546875 0.0671875 0.09375
0 0.9046875 0.81796875 0.0765625 0.1484375
0 0.534375 0.6078125 0.1375 0.15
0 0.58671875 0.37265625 0.115625 0.1140625
0 0.3703125 0.54453125 0.090625 0.1453125
0 0.4375 0.60078125 0.0796875 0.1359375
0 0.49375 0.846875 0.1171875 0.1078125
0 0.621875 0.88515625 0.1140625 0.0921875
0 0.6140625 0.9609375 0.128125 0.0734375
0 0.73515625 0.83046875 0.065625 0.128125
0 0.596875 0.48203125 0.15625 0.146875