0 0.56640625 0.75546875 0.15625 0.1890625
0 0.67421875 0.6875 0.1390625 0.2015625
0 0.8015625 0.81015625 0.0828125 0.2578125
0 0.88671875 0.73984375 0.065625 0.0921875
0 0.87578125 0.85234375 0.0734375 0.146875
0 0.525 0.61015625 0.134375 0.146875
0 0.596875 0.38046875 0.1140625 0.1109375
0 0.36640625 0.5328125 0.0875 0.1421875
0 0.42890625 0.5953125 0.0765625 0.1359375
0 0.4640625 0.8453125 0.115625 0.1046875
0 0.5875 0.89375 0.1109375 0.0890625
0 0.57265625 0.9671875 0.1265625 0.065625
0 0.70546875 0.84921875 0.0640625 0.1265625
0 0.59765625 0.490625 0.153125 0.14375