0 0.534375 0.76171875 0.1765625 0.20625
0 0.65 0.70703125 0.1625 0.215625
0 0.76171875 0.84453125 0.1140625 0.2640625
0 0.85390625 0.78515625 0.0765625 0.1
0 0.8296875 0.8953125 0.090625 0.1546875
0 0.51171875 0.6125 0.15 0.1625
0 0.6109375 0.39375 0.125 0.1234375
0 0.3640625 0.51640625 0.103125 0.1515625
0 0.41796875 0.5859375 0.09375 0.1421875
0 0.421875 0.83828125 0.1265625 0.1171875
0 0.5390625 0.9015625 0.121875 0.1015625
0 0.515625 0.965625 0.134375 0.06875
0 0.6609375 0.871875 0.078125 0.1328125
0 0.5984375 0.503125 0.16875 0.1609375