0 0.38203125 0.7359375 0.1796875 0.20625
0 0.290625 0.646875 0.1640625 0.2171875
0 0.140625 0.740625 0.1171875 0.2640625
0 0.071875 0.6546875 0.0765625 0.1
0 0.059375 0.76640625 0.0921875 0.1546875
0 0.45234375 0.60234375 0.153125 0.1640625
0 0.4296875 0.36328125 0.1265625 0.125
0 0.6234375 0.56015625 0.10625 0.1515625
0 0.55 0.6078125 0.0953125 0.14375
0 0.4640625 0.8453125 0.128125 0.11875
0 0.33203125 0.8671875 0.121875 0.103125
0 0.33046875 0.94375 0.134375 0.0875
0 0.2265625 0.79921875 0.0796875 0.1328125
0 0.40625 0.47109375 0.1703125 0.1625