0 0.55234375 0.75859375 0.165625 0.196875
0 0.6640625 0.69609375 0.15 0.2078125
0 0.78515625 0.825 0.096875 0.2625
0 0.8734375 0.76015625 0.0703125 0.0953125
0 0.85625 0.871875 0.08125 0.15
0 0.51953125 0.61171875 0.1421875 0.1546875
0 0.603125 0.3859375 0.11875 0.1171875
0 0.36484375 0.52578125 0.0953125 0.146875
0 0.4234375 0.59140625 0.084375 0.1390625
0 0.44609375 0.84296875 0.1203125 0.1109375
0 0.5671875 0.89765625 0.1171875 0.0953125
0 0.54921875 0.96640625 0.1296875 0.0671875
0 0.68671875 0.86015625 0.0703125 0.1296875
0 0.5984375 0.49609375 0.159375 0.1515625