0 0.56171875 0.75703125 0.159375 0.190625
0 0.67109375 0.690625 0.1421875 0.203125
0 0.79609375 0.81484375 0.0875 0.259375
0 0.88203125 0.746875 0.0671875 0.09375
0 0.86953125 0.85859375 0.075 0.1484375
0 0.5234375 0.6109375 0.1375 0.15
0 0.59921875 0.38203125 0.115625 0.1125
0 0.36640625 0.53046875 0.090625 0.14375
0 0.42734375 0.59375 0.0796875 0.1359375
0 0.4578125 0.84453125 0.1171875 0.10625
0 0.58125 0.8953125 0.1125 0.0921875
0 0.565625 0.96640625 0.128125 0.0671875
0 0.69921875 0.853125 0.065625 0.128125
0 0.5984375 0.49296875 0.15625 0.1453125