0 0.5484375 0.759375 0.16875 0.1984375
0 0.66015625 0.69921875 0.153125 0.209375
0 0.7796875 0.83046875 0.1015625 0.2625
0 0.86875 0.76640625 0.071875 0.096875
0 0.85 0.87734375 0.0828125 0.1515625
0 0.5171875 0.61171875 0.14375 0.15625
0 0.60546875 0.3875 0.1203125 0.11875
0 0.36484375 0.5234375 0.096875 0.1484375
0 0.421875 0.58984375 0.0875 0.1390625
0 0.43984375 0.84140625 0.121875 0.1125
0 0.56015625 0.89921875 0.1171875 0.096875
0 0.540625 0.96640625 0.13125 0.0671875
0 0.68046875 0.86328125 0.071875 0.13125
0 0.5984375 0.49765625 0.1625 0.153125