0 0.475 0.7625 0.1828125 0.209375
0 0.3578125 0.7125 0.1671875 0.21875
0 0.25 0.853125 0.121875 0.265625
0 0.15625 0.79765625 0.078125 0.1
0 0.184375 0.90703125 0.09375 0.15625
0 0.4921875 0.6125 0.1546875 0.165625
0 0.38515625 0.39765625 0.128125 0.1265625
0 0.63671875 0.51171875 0.1078125 0.153125
0 0.58515625 0.5828125 0.096875 0.14375
0 0.58984375 0.83515625 0.128125 0.1203125
0 0.475 0.903125 0.1234375 0.1046875
0 0.5 0.96484375 0.134375 0.0703125
0 0.35234375 0.87734375 0.0828125 0.134375
0 0.4015625 0.50625 0.171875 0.1640625