0 0.8671875 0.5390625 0.165625 0.19375
0 0.678125 0.49296875 0.1703125 0.1796875
0 0.3890625 0.4625 0.125 0.11875
0 0.40625 0.5453125 0.1328125 0.1296875
0 0.459375 0.6234375 0.1578125 0.125
0 0.425 0.77265625 0.1484375 0.159375
0 0.31015625 0.70546875 0.153125 0.1828125
0 0.2625 0.5453125 0.15 0.203125
0 0.71328125 0.23828125 0.140625 0.1875
0 0.7875 0.39375 0.1328125 0.1625
0 0.7265625 0.765625 0.125 0.1859375
0 0.85859375 0.82578125 0.1140625 0.1109375
0 0.88125 0.7234375 0.13125 0.1109375
0 0.86796875 0.65390625 0.1234375 0.075
0 0.5328125 0.865625 0.1203125 0.1078125
0 0.403125 0.92578125 0.125 0.1015625
0 0.4265625 0.97109375 0.125 0.0578125
0 0.54921875 0.93203125 0.128125 0.0875