0 0.32578125 0.50234375 0.13828125 0.175
0 0.13828125 0.57109375 0.13359375 0.178125
0 0.61484375 0.76328125 0.153125 0.1796875
0 0.55625 0.62734375 0.128125 0.15390625
0 0.59921875 0.53046875 0.12109375 0.11796875
0 0.6125 0.453125 0.1296875 0.115625
0 0.73515625 0.5328125 0.11640625 0.1765625
0 0.71796875 0.67265625 0.13828125 0.1140625
0 0.2484375 0.271875 0.12421875 0.1796875
0 0.209375 0.4203125 0.1171875 0.16953125
0 0.47421875 0.546875 0.0875 0.13984375
0 0.1484375 0.696875 0.134375 0.084375
0 0.15 0.77265625 0.13203125 0.09375
0 0.17578125 0.88125 0.10703125 0.075
0 0.29375 0.825 0.1234375 0.10078125
0 0.30078125 0.9046875 0.12109375 0.0703125
0 0.50703125 0.871875 0.11640625 0.09140625
0 0.63984375 0.90546875 0.1171875 0.0828125
0 0.6265625 0.96953125 0.13046875 0.0609375
0 0.48984375 0.93515625 0.121875 0.07890625