0 0.6734375 0.4875 0.153125 0.1859375
0 0.86640625 0.5390625 0.15 0.1890625
0 0.40859375 0.77265625 0.16875 0.1921875
0 0.4546875 0.63203125 0.140625 0.1640625
0 0.40390625 0.5390625 0.13125 0.128125
0 0.38359375 0.46328125 0.1390625 0.1265625
0 0.26875 0.553125 0.1328125 0.1859375
0 0.29765625 0.690625 0.146875 0.125
0 0.73046875 0.25078125 0.140625 0.190625
0 0.7828125 0.3953125 0.13125 0.178125
0 0.5296875 0.54453125 0.1 0.1484375
0 0.8671875 0.665625 0.140625 0.0953125
0 0.87265625 0.74140625 0.140625 0.1046875
0 0.85625 0.8515625 0.1140625 0.084375
0 0.73359375 0.80546875 0.13125 0.1125
0 0.73359375 0.8859375 0.128125 0.08125
0 0.52578125 0.87109375 0.125 0.1015625
0 0.39609375 0.91640625 0.1234375 0.0921875
0 0.4140625 0.97109375 0.134375 0.0578125
0 0.54765625 0.9328125 0.128125 0.090625