0 0.2859375 0.22109375 0.1328125 0.1671875
0 0.6171875 0.46640625 0.1296875 0.1203125
0 0.70546875 0.6015625 0.140625 0.115625
0 0.671875 0.69453125 0.1296875 0.1234375
0 0.56953125 0.78359375 0.1671875 0.175
0 0.5375 0.63515625 0.1515625 0.1546875
0 0.58984375 0.54921875 0.128125 0.11875
0 0.32734375 0.4859375 0.1875 0.190625
0 0.22734375 0.378125 0.1203125 0.16875
0 0.1265625 0.52265625 0.1484375 0.184375
0 0.2515625 0.76640625 0.153125 0.1671875
0 0.1125 0.71015625 0.1375 0.1125
0 0.121875 0.63984375 0.1359375 0.0859375
0 0.45390625 0.8734375 0.1203125 0.1046875
0 0.58359375 0.9265625 0.1328125 0.1109375
0 0.42578125 0.92890625 0.11875 0.0921875
0 0.54609375 0.9734375 0.1140625 0.053125