0 0.26171875 0.240625 0.121875 0.159375
0 0.61328125 0.45625 0.121875 0.1109375
0 0.71328125 0.5828125 0.1328125 0.10625
0 0.68828125 0.67890625 0.121875 0.1140625
0 0.59453125 0.7765625 0.1546875 0.1640625
0 0.5484375 0.63125 0.140625 0.1453125
0 0.59375 0.540625 0.1203125 0.109375
0 0.3265625 0.5015625 0.175 0.178125
0 0.21796875 0.403125 0.1078125 0.1609375
0 0.1296875 0.5546875 0.1359375 0.175
0 0.27578125 0.7875 0.140625 0.1578125
0 0.13203125 0.74296875 0.1296875 0.1015625
0 0.13515625 0.67265625 0.13125 0.075
0 0.4859375 0.87578125 0.1140625 0.0953125
0 0.6203125 0.91796875 0.125 0.1015625
0 0.46328125 0.93359375 0.1140625 0.0828125
0 0.5875 0.97265625 0.109375 0.0546875