0 0.60703125 0.77578125 0.140625 0.1765625
0 0.703125 0.6671875 0.1234375 0.103125
0 0.60625 0.45 0.10625 0.103125
0 0.6046875 0.5328125 0.1078125 0.0875
0 0.55078125 0.6328125 0.125 0.1171875
0 0.328125 0.49921875 0.1359375 0.178125
0 0.25234375 0.25859375 0.1 0.1453125
0 0.2 0.43046875 0.0921875 0.14375
0 0.13671875 0.57578125 0.1515625 0.1703125
0 0.15703125 0.70078125 0.1234375 0.075
0 0.14609375 0.77265625 0.1234375 0.078125
0 0.29609375 0.8453125 0.128125 0.0875
0 0.1796875 0.87890625 0.1046875 0.0515625
0 0.490625 0.93046875 0.1109375 0.08125
0 0.50546875 0.86953125 0.1125 0.08125
0 0.63671875 0.90859375 0.103125 0.08125
0 0.621875 0.971875 0.121875 0.05625