0 0.40234375 0.7796875 0.146875 0.18125
0 0.303125 0.67421875 0.1265625 0.1078125
0 0.3921875 0.45390625 0.1109375 0.10625
0 0.396875 0.53671875 0.1109375 0.090625
0 0.45390625 0.634375 0.128125 0.121875
0 0.671875 0.49296875 0.140625 0.1828125
0 0.7390625 0.25 0.1046875 0.1484375
0 0.79765625 0.4203125 0.0984375 0.146875
0 0.865625 0.56328125 0.15625 0.175
0 0.85 0.6890625 0.1265625 0.0796875
0 0.86328125 0.76015625 0.1265625 0.08125
0 0.715625 0.83828125 0.1296875 0.090625
0 0.83359375 0.8671875 0.10625 0.0546875
0 0.52421875 0.9296875 0.1140625 0.084375
0 0.5078125 0.86953125 0.1140625 0.084375
0 0.37734375 0.91328125 0.10625 0.084375
0 0.39453125 0.97265625 0.1234375 0.0546875