0 0.4578125 0.79296875 0.1765625 0.203125
0 0.33984375 0.70859375 0.14375 0.128125
0 0.38515625 0.475 0.1265625 0.125
0 0.40546875 0.55546875 0.125 0.109375
0 0.48046875 0.640625 0.1484375 0.1421875
0 0.6671875 0.4609375 0.171875 0.2046875
0 0.68671875 0.209375 0.1296875 0.1640625
0 0.7765625 0.36484375 0.121875 0.1609375
0 0.87109375 0.4921875 0.1859375 0.2
0 0.8796875 0.61875 0.1375 0.1015625
0 0.90625 0.6859375 0.1375 0.103125
0 0.7765625 0.790625 0.14375 0.1140625
0 0.89765625 0.796875 0.1140625 0.0734375
0 0.60625 0.9171875 0.1265625 0.1046875
0 0.578125 0.8609375 0.128125 0.1046875
0 0.45859375 0.92890625 0.11875 0.103125
0 0.4875 0.97265625 0.13125 0.0546875