0 0.38828125 0.77421875 0.14375 0.1796875
0 0.29375 0.66328125 0.125 0.1046875
0 0.39453125 0.4484375 0.109375 0.1046875
0 0.39453125 0.53125 0.109375 0.0890625
0 0.446875 0.63203125 0.1265625 0.11875
0 0.671875 0.50234375 0.1375 0.1796875
0 0.7515625 0.26328125 0.103125 0.146875
0 0.80078125 0.4359375 0.0953125 0.1453125
0 0.86171875 0.58203125 0.153125 0.171875
0 0.8390625 0.70703125 0.125 0.078125
0 0.84921875 0.77890625 0.125 0.0796875
0 0.69765625 0.8484375 0.128125 0.0890625
0 0.81328125 0.884375 0.10625 0.053125
0 0.5015625 0.93046875 0.1125 0.0828125
0 0.48828125 0.86953125 0.1125 0.0828125
0 0.35625 0.90625 0.1046875 0.0828125
0 0.36953125 0.96953125 0.121875 0.0578125