0 0.60234375 0.77734375 0.14375 0.1796875
0 0.7 0.67109375 0.125 0.1046875
0 0.60703125 0.4515625 0.109375 0.1046875
0 0.60390625 0.534375 0.109375 0.0890625
0 0.5484375 0.63359375 0.1265625 0.11875
0 0.328125 0.49609375 0.1375 0.1796875
0 0.25625 0.2546875 0.103125 0.146875
0 0.2015625 0.425 0.0953125 0.1453125
0 0.13515625 0.56953125 0.153125 0.171875
0 0.15390625 0.69453125 0.125 0.078125
0 0.14140625 0.76640625 0.125 0.0796875
0 0.28984375 0.84140625 0.128125 0.0890625
0 0.1734375 0.8734375 0.10625 0.053125
0 0.4828125 0.93046875 0.1125 0.0828125
0 0.49921875 0.86953125 0.1125 0.0828125
0 0.6296875 0.9109375 0.1046875 0.0828125
0 0.6125 0.97265625 0.121875 0.0546875