0 0.4625 0.79375 0.1796875 0.2046875
0 0.34296875 0.71171875 0.1453125 0.1296875
0 0.38515625 0.47734375 0.128125 0.125
0 0.40625 0.55703125 0.125 0.1109375
0 0.4828125 0.64140625 0.15 0.14375
0 0.66640625 0.4578125 0.175 0.20625
0 0.68203125 0.20546875 0.1328125 0.165625
0 0.77421875 0.36015625 0.125 0.1625
0 0.87109375 0.4859375 0.1875 0.2015625
0 0.88125 0.61171875 0.1375 0.103125
0 0.909375 0.67890625 0.1390625 0.10625
0 0.78125 0.7859375 0.1453125 0.115625
0 0.90234375 0.78984375 0.1140625 0.075
0 0.61328125 0.915625 0.1265625 0.10625
0 0.584375 0.86015625 0.128125 0.10625
0 0.46640625 0.9296875 0.1203125 0.103125
0 0.4953125 0.97265625 0.13125 0.0546875