0 0.36484375 0.76328125 0.1578125 0.190625
0 0.28046875 0.6453125 0.1328125 0.115625
0 0.39921875 0.4390625 0.1171875 0.1140625
0 0.3921875 0.521875 0.115625 0.096875
0 0.4359375 0.6265625 0.1359375 0.1296875
0 0.67109375 0.5171875 0.153125 0.190625
0 0.771875 0.2859375 0.1140625 0.1546875
0 0.80546875 0.4625 0.1078125 0.153125
0 0.853125 0.61328125 0.1671875 0.184375
0 0.8203125 0.73515625 0.13125 0.0875
0 0.8234375 0.8078125 0.13125 0.0890625
0 0.66640625 0.86484375 0.1359375 0.1
0 0.77890625 0.91015625 0.109375 0.0625
0 0.4640625 0.92890625 0.11875 0.0921875
0 0.45625 0.8671875 0.1203125 0.0921875
0 0.32109375 0.8921875 0.1109375 0.090625
0 0.3296875 0.95625 0.1265625 0.0671875