0 0.46796875 0.79375 0.18125 0.20625
0 0.346875 0.7140625 0.1453125 0.13125
0 0.384375 0.47890625 0.1296875 0.1265625
0 0.40703125 0.55859375 0.1265625 0.1109375
0 0.48515625 0.64140625 0.15 0.1453125
0 0.665625 0.4546875 0.1765625 0.2078125
0 0.6765625 0.20234375 0.134375 0.165625
0 0.771875 0.35546875 0.1265625 0.1625
0 0.8703125 0.47890625 0.1890625 0.203125
0 0.88359375 0.60546875 0.1390625 0.1046875
0 0.9125 0.671875 0.1390625 0.10625
0 0.78671875 0.78046875 0.1453125 0.1171875
0 0.9078125 0.7828125 0.1140625 0.0765625
0 0.6203125 0.91328125 0.128125 0.1078125
0 0.590625 0.85859375 0.1296875 0.1078125
0 0.4734375 0.9296875 0.1203125 0.1046875
0 0.5046875 0.97265625 0.13125 0.0546875