0 0.4078125 0.78125 0.15 0.184375
0 0.30625 0.67734375 0.128125 0.109375
0 0.39140625 0.45546875 0.1109375 0.1078125
0 0.396875 0.53828125 0.1125 0.09375
0 0.45625 0.63515625 0.13125 0.1234375
0 0.671875 0.48984375 0.1453125 0.184375
0 0.734375 0.24609375 0.1078125 0.15
0 0.79609375 0.41484375 0.1 0.1484375
0 0.86640625 0.55703125 0.1609375 0.178125
0 0.853125 0.6828125 0.1265625 0.08125
0 0.86796875 0.75390625 0.128125 0.084375
0 0.721875 0.834375 0.1328125 0.09375
0 0.83984375 0.86171875 0.1078125 0.05625
0 0.53203125 0.9296875 0.115625 0.0875
0 0.5140625 0.86953125 0.1171875 0.0875
0 0.38515625 0.91484375 0.1078125 0.0859375
0 0.403125 0.97265625 0.125 0.0546875