0 0.37890625 0.76953125 0.15 0.184375
0 0.28828125 0.65625 0.128125 0.109375
0 0.396875 0.44453125 0.1125 0.1078125
0 0.39375 0.52734375 0.1125 0.0921875
0 0.4421875 0.6296875 0.1296875 0.1234375
0 0.671875 0.50859375 0.14375 0.184375
0 0.76015625 0.271875 0.1078125 0.15
0 0.803125 0.44609375 0.1 0.1484375
0 0.85859375 0.59453125 0.159375 0.1765625
0 0.83203125 0.71875 0.1265625 0.0828125
0 0.8390625 0.790625 0.1265625 0.084375
0 0.6859375 0.85546875 0.13125 0.09375
0 0.8 0.8953125 0.1078125 0.05625
0 0.48671875 0.93046875 0.115625 0.0875
0 0.475 0.86875 0.115625 0.0875
0 0.3421875 0.90078125 0.1078125 0.0859375
0 0.35390625 0.96484375 0.1234375 0.0625