0 0.35546875 0.7578125 0.1640625 0.19375
0 0.27578125 0.6375 0.1359375 0.11875
0 0.4015625 0.4359375 0.1203125 0.1171875
0 0.39140625 0.51796875 0.11875 0.1015625
0 0.43125 0.62421875 0.140625 0.1328125
0 0.6703125 0.5234375 0.159375 0.1953125
0 0.77890625 0.2953125 0.11875 0.1578125
0 0.80703125 0.47265625 0.1109375 0.1546875
0 0.84921875 0.62578125 0.1734375 0.1890625
0 0.81171875 0.746875 0.1328125 0.0921875
0 0.8125 0.81953125 0.1328125 0.0953125
0 0.65390625 0.8703125 0.1390625 0.1046875
0 0.76484375 0.91953125 0.1109375 0.065625
0 0.44921875 0.92734375 0.121875 0.0953125
0 0.44296875 0.86484375 0.1234375 0.096875
0 0.3078125 0.8859375 0.1140625 0.0953125
0 0.31328125 0.95 0.128125 0.0734375