0 0.653125 0.753125 0.16875 0.1984375
0 0.72890625 0.6296875 0.1390625 0.1234375
0 0.59609375 0.43203125 0.1234375 0.1203125
0 0.60859375 0.5140625 0.121875 0.1046875
0 0.5734375 0.621875 0.1421875 0.1375
0 0.33046875 0.52890625 0.1640625 0.1984375
0 0.2140625 0.30546875 0.1234375 0.1609375
0 0.1921875 0.48359375 0.1171875 0.1578125
0 0.15546875 0.6375 0.178125 0.19375
0 0.196875 0.75703125 0.134375 0.0953125
0 0.1984375 0.8296875 0.134375 0.096875
0 0.359375 0.87578125 0.140625 0.1078125
0 0.25 0.92890625 0.1125 0.06875
0 0.565625 0.92578125 0.1234375 0.1
0 0.56953125 0.86328125 0.1234375 0.1
0 0.70546875 0.87890625 0.115625 0.096875
0 0.70234375 0.94375 0.128125 0.075