0 0.3703125 0.7296875 0.1875 0.2125
0 0.28359375 0.6359375 0.1734375 0.221875
0 0.128125 0.72109375 0.1296875 0.265625
0 0.06484375 0.63203125 0.08125 0.1015625
0 0.04765625 0.7421875 0.0953125 0.15625
0 0.446875 0.6 0.1578125 0.16875
0 0.43671875 0.359375 0.13125 0.1296875
0 0.6203125 0.56640625 0.1125 0.1546875
0 0.54453125 0.61015625 0.1 0.1453125
0 0.44609375 0.84296875 0.13125 0.1234375
0 0.31328125 0.8578125 0.125 0.1078125
0 0.3078125 0.934375 0.1359375 0.0921875
0 0.21171875 0.784375 0.0859375 0.134375
0 0.4078125 0.465625 0.175 0.16875