0 0.44765625 0.75859375 0.165625 0.1953125
0 0.3359375 0.69609375 0.1484375 0.2078125
0 0.21484375 0.825 0.096875 0.2609375
0 0.1265625 0.76015625 0.0703125 0.0953125
0 0.14375 0.871875 0.0796875 0.15
0 0.48046875 0.61171875 0.1421875 0.153125
0 0.396875 0.3859375 0.11875 0.115625
0 0.63515625 0.52578125 0.0953125 0.146875
0 0.5765625 0.59140625 0.084375 0.1390625
0 0.55390625 0.84296875 0.1203125 0.109375
0 0.4328125 0.89765625 0.115625 0.0953125
0 0.45078125 0.9671875 0.1296875 0.065625
0 0.31328125 0.86015625 0.0703125 0.1296875
0 0.4015625 0.49609375 0.159375 0.15