0 0.575 0.753125 0.15 0.18359375
0 0.68046875 0.68125 0.13203125 0.196875
0 0.8125 0.79921875 0.07421875 0.25546875
0 0.89453125 0.7265625 0.0625 0.08984375
0 0.8875 0.8390625 0.06796875 0.1453125
0 0.52890625 0.609375 0.1296875 0.14296875
0 0.59296875 0.37734375 0.11015625 0.10703125
0 0.36796875 0.5375 0.0828125 0.13984375
0 0.43203125 0.59765625 0.07265625 0.1328125
0 0.47578125 0.84609375 0.11171875 0.10078125
0 0.6015625 0.890625 0.10859375 0.0859375
0 0.58984375 0.96640625 0.12421875 0.06640625
0 0.7171875 0.8421875 0.059375 0.125
0 0.59765625 0.4875 0.1484375 0.13828125