0 0.6140625 0.73828125 0.1765625 0.2046875
0 0.70625 0.65078125 0.1609375 0.215625
0 0.85546875 0.746875 0.1125 0.2640625
0 0.925 0.66171875 0.0765625 0.0984375
0 0.9359375 0.77421875 0.090625 0.1546875
0 0.5453125 0.603125 0.15 0.1609375
0 0.57265625 0.3640625 0.125 0.1234375
0 0.37578125 0.5578125 0.103125 0.1515625
0 0.4484375 0.60703125 0.0921875 0.1421875
0 0.53046875 0.8453125 0.1265625 0.1171875
0 0.66171875 0.8703125 0.1203125 0.1015625
0 0.66171875 0.946875 0.1328125 0.084375
0 0.76796875 0.80390625 0.078125 0.1328125
0 0.59453125 0.47265625 0.16875 0.159375