0 0.465625 0.76171875 0.1765625 0.2046875
0 0.35 0.70703125 0.1609375 0.215625
0 0.23828125 0.84453125 0.1125 0.2640625
0 0.14609375 0.78515625 0.0765625 0.0984375
0 0.1703125 0.8953125 0.090625 0.1546875
0 0.48828125 0.6125 0.15 0.1609375
0 0.3890625 0.39375 0.125 0.1234375
0 0.6359375 0.51640625 0.103125 0.1515625
0 0.58203125 0.5859375 0.0921875 0.1421875
0 0.578125 0.83828125 0.1265625 0.1171875
0 0.4609375 0.9015625 0.1203125 0.1015625
0 0.48359375 0.96640625 0.1328125 0.0671875
0 0.3390625 0.871875 0.078125 0.1328125
0 0.4015625 0.503125 0.16875 0.159375