0 0.51171875 0.7640625 0.190625 0.2140625
0 0.63125 0.71953125 0.175 0.2234375
0 0.73046875 0.865625 0.134375 0.265625
0 0.828125 0.815625 0.0828125 0.1015625
0 0.79296875 0.921875 0.1015625 0.15625
0 0.5015625 0.61328125 0.1609375 0.1703125
0 0.61953125 0.403125 0.1328125 0.13125
0 0.3625 0.5046875 0.1140625 0.15625
0 0.41015625 0.578125 0.103125 0.146875
0 0.39296875 0.8296875 0.1328125 0.125
0 0.50390625 0.90390625 0.1265625 0.109375
0 0.47421875 0.96328125 0.1359375 0.0734375
0 0.628125 0.884375 0.0875 0.1359375
0 0.59765625 0.51171875 0.178125 0.1703125