0 0.45625 0.76015625 0.171875 0.2015625
0 0.34296875 0.7015625 0.15625 0.2109375
0 0.2265625 0.83515625 0.10625 0.2640625
0 0.1359375 0.77265625 0.0734375 0.096875
0 0.15703125 0.88359375 0.0859375 0.153125
0 0.484375 0.61171875 0.146875 0.1578125
0 0.39296875 0.38984375 0.121875 0.1203125
0 0.6359375 0.52109375 0.1 0.15
0 0.5796875 0.58828125 0.0890625 0.140625
0 0.56640625 0.840625 0.1234375 0.1140625
0 0.446875 0.9 0.11875 0.0984375
0 0.46796875 0.96640625 0.1328125 0.0671875
0 0.32578125 0.86640625 0.0734375 0.13125
0 0.4015625 0.49921875 0.1640625 0.15625