0 0.41640625 0.75 0.15625 0.1890625
0 0.31328125 0.675 0.1390625 0.2015625
0 0.17734375 0.78828125 0.0828125 0.2578125
0 0.09765625 0.7125 0.065625 0.0921875
0 0.10078125 0.825 0.0734375 0.146875
0 0.4671875 0.60859375 0.134375 0.146875
0 0.41171875 0.37421875 0.1140625 0.1109375
0 0.63046875 0.5421875 0.0875 0.1421875
0 0.56484375 0.6 0.0765625 0.1359375
0 0.5125 0.846875 0.115625 0.1046875
0 0.38515625 0.88671875 0.1109375 0.0890625
0 0.39375 0.96328125 0.1265625 0.0703125
0 0.27109375 0.834375 0.0640625 0.1265625
0 0.403125 0.484375 0.153125 0.14375