0 0.609375 0.73984375 0.1734375 0.203125
0 0.70390625 0.6546875 0.159375 0.2140625
0 0.85078125 0.753125 0.109375 0.2640625
0 0.921875 0.66953125 0.075 0.0984375
0 0.93125 0.78203125 0.0890625 0.153125
0 0.54375 0.60390625 0.1484375 0.1609375
0 0.575 0.365625 0.1234375 0.121875
0 0.37421875 0.55546875 0.1015625 0.1515625
0 0.44609375 0.60625 0.090625 0.1421875
0 0.52421875 0.84609375 0.125 0.115625
0 0.6546875 0.87265625 0.1203125 0.1
0 0.65390625 0.94921875 0.1328125 0.084375
0 0.7625 0.80859375 0.0765625 0.1328125
0 0.5953125 0.47421875 0.165625 0.1578125