0 0.4515625 0.759375 0.16875 0.1984375
0 0.33984375 0.69921875 0.1515625 0.209375
0 0.2203125 0.83046875 0.1 0.2625
0 0.13125 0.76640625 0.071875 0.0953125
0 0.15 0.87734375 0.0828125 0.1515625
0 0.4828125 0.61171875 0.14375 0.15625
0 0.39453125 0.3875 0.1203125 0.1171875
0 0.63515625 0.5234375 0.096875 0.1484375
0 0.578125 0.58984375 0.0859375 0.1390625
0 0.56015625 0.84140625 0.121875 0.1125
0 0.43984375 0.89921875 0.1171875 0.096875
0 0.459375 0.96640625 0.13125 0.0671875
0 0.31953125 0.86328125 0.071875 0.13125
0 0.4015625 0.49765625 0.1625 0.153125