0 0.5796875 0.7515625 0.153125 0.1859375
0 0.68359375 0.678125 0.1359375 0.1984375
0 0.81796875 0.79375 0.078125 0.25625
0 0.8984375 0.71953125 0.0640625 0.090625
0 0.89296875 0.83203125 0.0703125 0.146875
0 0.53046875 0.60859375 0.1328125 0.1453125
0 0.590625 0.37578125 0.1125 0.109375
0 0.36875 0.53984375 0.0859375 0.140625
0 0.43359375 0.5984375 0.075 0.134375
0 0.48203125 0.84609375 0.1140625 0.103125
0 0.60859375 0.8890625 0.109375 0.0875
0 0.59765625 0.96484375 0.125 0.06875
0 0.7234375 0.83828125 0.0609375 0.1265625
0 0.59765625 0.4859375 0.1515625 0.140625