0 0.6296875 0.7296875 0.1875 0.2140625
0 0.71640625 0.6359375 0.1734375 0.221875
0 0.871875 0.72109375 0.13125 0.2671875
0 0.93515625 0.63203125 0.08125 0.103125
0 0.9515625 0.74296875 0.096875 0.1578125
0 0.553125 0.6 0.159375 0.16875
0 0.56328125 0.359375 0.13125 0.1296875
0 0.3796875 0.56640625 0.1125 0.15625
0 0.45546875 0.61015625 0.1015625 0.1453125
0 0.55390625 0.84296875 0.1328125 0.125
0 0.68671875 0.8578125 0.1265625 0.1078125
0 0.6921875 0.934375 0.1375 0.09375
0 0.78828125 0.784375 0.0859375 0.134375
0 0.5921875 0.465625 0.1765625 0.16875