0 0.5390625 0.7609375 0.1734375 0.203125
0 0.653125 0.7046875 0.1578125 0.2140625
0 0.76796875 0.83984375 0.109375 0.2640625
0 0.859375 0.77890625 0.075 0.0984375
0 0.83671875 0.88984375 0.0875 0.153125
0 0.51328125 0.6125 0.1484375 0.159375
0 0.609375 0.39140625 0.1234375 0.121875
0 0.3640625 0.51875 0.1015625 0.15
0 0.41875 0.5875 0.090625 0.1421875
0 0.428125 0.8390625 0.125 0.115625
0 0.54609375 0.90078125 0.11875 0.1
0 0.52421875 0.96640625 0.1328125 0.0671875
0 0.6671875 0.86875 0.0765625 0.1328125
0 0.5984375 0.5015625 0.165625 0.1578125