0 0.4203125 0.7515625 0.153125 0.1875
0 0.31640625 0.678125 0.1359375 0.1984375
0 0.18203125 0.79375 0.0796875 0.2578125
0 0.1015625 0.71953125 0.0640625 0.0921875
0 0.10703125 0.83203125 0.071875 0.146875
0 0.46953125 0.60859375 0.1328125 0.1453125
0 0.409375 0.37578125 0.1109375 0.109375
0 0.63125 0.53984375 0.0859375 0.1421875
0 0.56640625 0.5984375 0.075 0.134375
0 0.51796875 0.84609375 0.1140625 0.103125
0 0.39140625 0.8890625 0.1109375 0.0875
0 0.40234375 0.96484375 0.1265625 0.06875
0 0.2765625 0.83828125 0.0609375 0.1265625
0 0.40234375 0.4859375 0.1515625 0.1421875